8	47
8	47
8	47
8	47
8	47
8	47
8	47
8	52
8	52
8	52
8	57
8	52
8	52
8	47
8	47
5	59
5	59
5	67
5	0
5	59
5	59
5	59
5	59
5	59
5	59
5	59
5	59
5	59
3	139
3	139
3	139
3	139
3	139
3	139
3	139
3	139
3	139
3	139
3	139
3	139
3	139
5	0
3	139
3	139
3	139
3	139
3	139
3	152
3	139
3	139
3	139
3	139
3	112
3	112
3	112
3	112
3	112
3	112
3	112
3	112
3	112
3	112
3	112
3	112
3	112
3	112
3	112
13	32
13	32
13	32
13	32
13	32
13	32
13	32
13	0
13	0
13	32
13	0
13	59
13	0
13	32
13	32
13	0
13	32
13	32
13	32
13	44
13	0
13	32
13	0
13	32
13	35
13	0
13	32
13	32
13	32
13	38
13	32
13	0
13	44
13	65
13	50
13	32
13	69
13	32
13	32
13	32
13	35
13	38
13	62
13	41
11	37
11	37
11	37
11	37
11	37
11	63
11	0
11	81
11	41
11	0
11	48
11	45
11	41
11	59
11	41
11	45
11	45
11	0
11	56
11	37
3	112
3	112
3	112
3	112
3	112
3	112
3	112
3	112
3	112
3	165
3	165
3	112
3	259
3	125
3	112
3	112
3	112
3	112
3	112
3	112
3	112
3	112
2	208
2	208
2	208
2	208
2	208
2	208
2	208
2	208
2	208
2	208
2	208
2	208
2	208
2	208
2	208
2	208
2	208
2	208
2	208
2	208
2	208
2	208
2	248
2	208
13	32
13	32
13	32
13	0
13	32
13	38
13	53
13	32
13	53
13	38
13	32
13	32
13	38
8	0
8	0
8	47
8	47
8	47
8	47
8	0
8	0
8	47
8	47
8	47
8	47
8	47
8	47
8	47
8	0
8	0
8	0
8	0
8	0
8	0
8	0
8	0
8	42
8	52
8	32
